copy_df
759

y_predicted
750

x_train
750

array([[0.3042452 ],
       [0.3154253 ],
       [0.32107595],
       [0.31193635],
       [0.29980737],
       [0.27515694],
       [0.27933788]], dtype=float32)        0.25207617
array([[0.3154253 ],
       [0.32107595],
       [0.31193635],
       [0.29980737],
       [0.27515694],
       [0.27933788],
       [0.29624   ]], dtype=float32)
rray([[0.32107595],
       [0.31193635],
       [0.29980737],
       [0.27515694],
       [0.27933788],
       [0.29624   ],
       [0.24782394]], dtype=float32)
.
.
.
array([[0.86572504],
       [0.8862728 ],
       [0.8915526 ],
       [0.93564504],
       [0.914669  ],
       [0.8805651 ],
       [0.8919807 ]], dtype=float32)


array([[[0.93564504],
        [0.914669  ],
        [0.8805651 ],
        [0.8919807 ],
        [0.8467467 ],
        [0.8146405 ],
        [0.8232021 ]]], dtype=float32)

1   1, 2, 3, 4, 5
2   2, 3, 4, 5, 6
3   3, 4, 5, 6, 7
4   4, 5, 6, 7, 8
5   5, 6, 7, 8, 9
6   6, 7, 8, 9, 10
7   
8   
9
10